I096=0,0,0,0,1,0,0,0,0,0,0,0,1,0,1,0,0,0,0,0,0,0,0,1
I100=0,0,0,0,1,0,0,0,0,0,0,0,1,0,0,0,1,0,0,0,0,0,0,1
I103=0,0,0,0,1,0,0,0,0,0,0,0,1,0,0,0,0,1,0,0,0,0,0,1
I105=0,0,0,0,1,0,0,0,0,0,0,0,1,0,0,0,0,0,0,1,0,0,0,1
I106=0,0,0,0,1,0,0,0,0,0,0,0,1,0,0,0,0,0,0,0,0,1,0,1
I092=0,0,0,0,1,0,0,0,0,0,0,0,1,0,1,0,1,0,0,0,0,0,0,0
I093=0,0,0,0,1,0,0,0,0,0,0,0,1,0,1,0,0,1,0,0,0,0,0,0
I094=0,0,0,0,1,0,0,0,0,0,0,0,1,0,1,0,0,0,0,1,0,0,0,0
I095=0,0,0,0,1,0,0,0,0,0,0,0,1,0,1,0,0,0,0,0,0,1,0,0
I097=0,0,0,0,1,0,0,0,0,0,0,0,1,0,0,0,1,1,0,0,0,0,0,0
I098=0,0,0,0,1,0,0,0,0,0,0,0,1,0,0,0,1,0,0,1,0,0,0,0
I099=0,0,0,0,1,0,0,0,0,0,0,0,1,0,0,0,1,0,0,0,0,1,0,0
I101=0,0,0,0,1,0,0,0,0,0,0,0,1,0,0,0,0,1,0,1,0,0,0,0
I102=0,0,0,0,1,0,0,0,0,0,0,0,1,0,0,0,0,1,0,0,0,1,0,0
I104=0,0,0,0,1,0,0,0,0,0,0,0,1,0,0,0,0,0,0,1,0,1,0,0
I187=0,0,0,0,0,0,0,1,0,0,0,0,1,0,1,0,0,0,0,0,0,0,0,1
I191=0,0,0,0,0,0,0,1,0,0,0,0,1,0,0,0,1,0,0,0,0,0,0,1
I194=0,0,0,0,0,0,0,1,0,0,0,0,1,0,0,0,0,1,0,0,0,0,0,1
I196=0,0,0,0,0,0,0,1,0,0,0,0,1,0,0,0,0,0,0,1,0,0,0,1
I197=0,0,0,0,0,0,0,1,0,0,0,0,1,0,0,0,0,0,0,0,0,1,0,1
I183=0,0,0,0,0,0,0,1,0,0,0,0,1,0,1,0,1,0,0,0,0,0,0,0
I184=0,0,0,0,0,0,0,1,0,0,0,0,1,0,1,0,0,1,0,0,0,0,0,0
I185=0,0,0,0,0,0,0,1,0,0,0,0,1,0,1,0,0,0,0,1,0,0,0,0
I186=0,0,0,0,0,0,0,1,0,0,0,0,1,0,1,0,0,0,0,0,0,1,0,0
I188=0,0,0,0,0,0,0,1,0,0,0,0,1,0,0,0,1,1,0,0,0,0,0,0
I189=0,0,0,0,0,0,0,1,0,0,0,0,1,0,0,0,1,0,0,1,0,0,0,0
I190=0,0,0,0,0,0,0,1,0,0,0,0,1,0,0,0,1,0,0,0,0,1,0,0
I192=0,0,0,0,0,0,0,1,0,0,0,0,1,0,0,0,0,1,0,1,0,0,0,0
I193=0,0,0,0,0,0,0,1,0,0,0,0,1,0,0,0,0,1,0,0,0,1,0,0
I195=0,0,0,0,0,0,0,1,0,0,0,0,1,0,0,0,0,0,0,1,0,1,0,0
I005=1,0,0,0,0,0,0,0,0,0,0,0,1,0,1,0,0,0,0,0,0,0,0,1
I009=1,0,0,0,0,0,0,0,0,0,0,0,1,0,0,0,1,0,0,0,0,0,0,1
I012=1,0,0,0,0,0,0,0,0,0,0,0,1,0,0,0,0,1,0,0,0,0,0,1
I014=1,0,0,0,0,0,0,0,0,0,0,0,1,0,0,0,0,0,0,1,0,0,0,1
I015=1,0,0,0,0,0,0,0,0,0,0,0,1,0,0,0,0,0,0,0,0,1,0,1
I001=1,0,0,0,0,0,0,0,0,0,0,0,1,0,1,0,1,0,0,0,0,0,0,0
I002=1,0,0,0,0,0,0,0,0,0,0,0,1,0,1,0,0,1,0,0,0,0,0,0
I003=1,0,0,0,0,0,0,0,0,0,0,0,1,0,1,0,0,0,0,1,0,0,0,0
I004=1,0,0,0,0,0,0,0,0,0,0,0,1,0,1,0,0,0,0,0,0,1,0,0
I006=1,0,0,0,0,0,0,0,0,0,0,0,1,0,0,0,1,1,0,0,0,0,0,0
I007=1,0,0,0,0,0,0,0,0,0,0,0,1,0,0,0,1,0,0,1,0,0,0,0
I008=1,0,0,0,0,0,0,0,0,0,0,0,1,0,0,0,1,0,0,0,0,1,0,0
I010=1,0,0,0,0,0,0,0,0,0,0,0,1,0,0,0,0,1,0,1,0,0,0,0
I011=1,0,0,0,0,0,0,0,0,0,0,0,1,0,0,0,0,1,0,0,0,1,0,0
I013=1,0,0,0,0,0,0,0,0,0,0,0,1,0,0,0,0,0,0,1,0,1,0,0
I110=0,0,0,0,1,0,0,0,0,0,0,0,1,0,1,0,1,0,0,0,0,0,0,1
I113=0,0,0,0,1,0,0,0,0,0,0,0,1,0,1,0,0,1,0,0,0,0,0,1
I115=0,0,0,0,1,0,0,0,0,0,0,0,1,0,1,0,0,0,0,1,0,0,0,1
I116=0,0,0,0,1,0,0,0,0,0,0,0,1,0,1,0,0,0,0,0,0,1,0,1
I119=0,0,0,0,1,0,0,0,0,0,0,0,1,0,0,0,1,1,0,0,0,0,0,1
I121=0,0,0,0,1,0,0,0,0,0,0,0,1,0,0,0,1,0,0,1,0,0,0,1
I122=0,0,0,0,1,0,0,0,0,0,0,0,1,0,0,0,1,0,0,0,0,1,0,1
I124=0,0,0,0,1,0,0,0,0,0,0,0,1,0,0,0,0,1,0,1,0,0,0,1
I125=0,0,0,0,1,0,0,0,0,0,0,0,1,0,0,0,0,1,0,0,0,1,0,1
I126=0,0,0,0,1,0,0,0,0,0,0,0,1,0,0,0,0,0,0,1,0,1,0,1
I130=0,0,0,0,1,0,0,0,0,0,0,0,1,0,1,0,1,0,0,0,0,0,0,1
I133=0,0,0,0,1,0,0,0,0,0,0,0,1,0,1,0,0,1,0,0,0,0,0,1
I135=0,0,0,0,1,0,0,0,0,0,0,0,1,0,1,0,0,0,0,1,0,0,0,1
I136=0,0,0,0,1,0,0,0,0,0,0,0,1,0,1,0,0,0,0,0,0,1,0,1
I139=0,0,0,0,1,0,0,0,0,0,0,0,1,0,0,0,1,1,0,0,0,0,0,1
I141=0,0,0,0,1,0,0,0,0,0,0,0,1,0,0,0,1,0,0,1,0,0,0,1
I142=0,0,0,0,1,0,0,0,0,0,0,0,1,0,0,0,1,0,0,0,0,1,0,1
I144=0,0,0,0,1,0,0,0,0,0,0,0,1,0,0,0,0,1,0,1,0,0,0,1
I145=0,0,0,0,1,0,0,0,0,0,0,0,1,0,0,0,0,1,0,0,0,1,0,1
I146=0,0,0,0,1,0,0,0,0,0,0,0,1,0,0,0,0,0,0,1,0,1,0,1
I201=0,0,0,0,0,0,0,1,0,0,0,0,1,0,1,0,1,0,0,0,0,0,0,1
I204=0,0,0,0,0,0,0,1,0,0,0,0,1,0,1,0,0,1,0,0,0,0,0,1
I206=0,0,0,0,0,0,0,1,0,0,0,0,1,0,1,0,0,0,0,1,0,0,0,1
I207=0,0,0,0,0,0,0,1,0,0,0,0,1,0,1,0,0,0,0,0,0,1,0,1
I210=0,0,0,0,0,0,0,1,0,0,0,0,1,0,0,0,1,1,0,0,0,0,0,1
I212=0,0,0,0,0,0,0,1,0,0,0,0,1,0,0,0,1,0,0,1,0,0,0,1
I213=0,0,0,0,0,0,0,1,0,0,0,0,1,0,0,0,1,0,0,0,0,1,0,1
I215=0,0,0,0,0,0,0,1,0,0,0,0,1,0,0,0,0,1,0,1,0,0,0,1
I216=0,0,0,0,0,0,0,1,0,0,0,0,1,0,0,0,0,1,0,0,0,1,0,1
I217=0,0,0,0,0,0,0,1,0,0,0,0,1,0,0,0,0,0,0,1,0,1,0,1
I221=0,0,0,0,0,0,0,1,0,0,0,0,1,0,1,0,1,0,0,0,0,0,0,1
I224=0,0,0,0,0,0,0,1,0,0,0,0,1,0,1,0,0,1,0,0,0,0,0,1
I226=0,0,0,0,0,0,0,1,0,0,0,0,1,0,1,0,0,0,0,1,0,0,0,1
I227=0,0,0,0,0,0,0,1,0,0,0,0,1,0,1,0,0,0,0,0,0,1,0,1
I230=0,0,0,0,0,0,0,1,0,0,0,0,1,0,0,0,1,1,0,0,0,0,0,1
I232=0,0,0,0,0,0,0,1,0,0,0,0,1,0,0,0,1,0,0,1,0,0,0,1
I233=0,0,0,0,0,0,0,1,0,0,0,0,1,0,0,0,1,0,0,0,0,1,0,1
I235=0,0,0,0,0,0,0,1,0,0,0,0,1,0,0,0,0,1,0,1,0,0,0,1
I236=0,0,0,0,0,0,0,1,0,0,0,0,1,0,0,0,0,1,0,0,0,1,0,1
I237=0,0,0,0,0,0,0,1,0,0,0,0,1,0,0,0,0,0,0,1,0,1,0,1
I107=0,0,0,0,1,0,0,0,0,0,0,0,1,0,1,0,1,1,0,0,0,0,0,0
I108=0,0,0,0,1,0,0,0,0,0,0,0,1,0,1,0,1,0,0,1,0,0,0,0
I109=0,0,0,0,1,0,0,0,0,0,0,0,1,0,1,0,1,0,0,0,0,1,0,0
I111=0,0,0,0,1,0,0,0,0,0,0,0,1,0,1,0,0,1,0,1,0,0,0,0
I112=0,0,0,0,1,0,0,0,0,0,0,0,1,0,1,0,0,1,0,0,0,1,0,0
I114=0,0,0,0,1,0,0,0,0,0,0,0,1,0,1,0,0,0,0,1,0,1,0,0
I117=0,0,0,0,1,0,0,0,0,0,0,0,1,0,0,0,1,1,0,1,0,0,0,0
I118=0,0,0,0,1,0,0,0,0,0,0,0,1,0,0,0,1,1,0,0,0,1,0,0
I120=0,0,0,0,1,0,0,0,0,0,0,0,1,0,0,0,1,0,0,1,0,1,0,0
I123=0,0,0,0,1,0,0,0,0,0,0,0,1,0,0,0,0,1,0,1,0,1,0,0
I127=0,0,0,0,1,0,0,0,0,0,0,0,1,0,1,0,1,1,0,0,0,0,0,0
I128=0,0,0,0,1,0,0,0,0,0,0,0,1,0,1,0,1,0,0,1,0,0,0,0
I129=0,0,0,0,1,0,0,0,0,0,0,0,1,0,1,0,1,0,0,0,0,1,0,0
I131=0,0,0,0,1,0,0,0,0,0,0,0,1,0,1,0,0,1,0,1,0,0,0,0
I132=0,0,0,0,1,0,0,0,0,0,0,0,1,0,1,0,0,1,0,0,0,1,0,0
I134=0,0,0,0,1,0,0,0,0,0,0,0,1,0,1,0,0,0,0,1,0,1,0,0
I137=0,0,0,0,1,0,0,0,0,0,0,0,1,0,0,0,1,1,0,1,0,0,0,0
I138=0,0,0,0,1,0,0,0,0,0,0,0,1,0,0,0,1,1,0,0,0,1,0,0
I140=0,0,0,0,1,0,0,0,0,0,0,0,1,0,0,0,1,0,0,1,0,1,0,0
I143=0,0,0,0,1,0,0,0,0,0,0,0,1,0,0,0,0,1,0,1,0,1,0,0
I198=0,0,0,0,0,0,0,1,0,0,0,0,1,0,1,0,1,1,0,0,0,0,0,0
I199=0,0,0,0,0,0,0,1,0,0,0,0,1,0,1,0,1,0,0,1,0,0,0,0
I200=0,0,0,0,0,0,0,1,0,0,0,0,1,0,1,0,1,0,0,0,0,1,0,0
I202=0,0,0,0,0,0,0,1,0,0,0,0,1,0,1,0,0,1,0,1,0,0,0,0
I203=0,0,0,0,0,0,0,1,0,0,0,0,1,0,1,0,0,1,0,0,0,1,0,0
I205=0,0,0,0,0,0,0,1,0,0,0,0,1,0,1,0,0,0,0,1,0,1,0,0
I208=0,0,0,0,0,0,0,1,0,0,0,0,1,0,0,0,1,1,0,1,0,0,0,0
I209=0,0,0,0,0,0,0,1,0,0,0,0,1,0,0,0,1,1,0,0,0,1,0,0
I211=0,0,0,0,0,0,0,1,0,0,0,0,1,0,0,0,1,0,0,1,0,1,0,0
I214=0,0,0,0,0,0,0,1,0,0,0,0,1,0,0,0,0,1,0,1,0,1,0,0
I218=0,0,0,0,0,0,0,1,0,0,0,0,1,0,1,0,1,1,0,0,0,0,0,0
I219=0,0,0,0,0,0,0,1,0,0,0,0,1,0,1,0,1,0,0,1,0,0,0,0
I220=0,0,0,0,0,0,0,1,0,0,0,0,1,0,1,0,1,0,0,0,0,1,0,0
I222=0,0,0,0,0,0,0,1,0,0,0,0,1,0,1,0,0,1,0,1,0,0,0,0
I223=0,0,0,0,0,0,0,1,0,0,0,0,1,0,1,0,0,1,0,0,0,1,0,0
I225=0,0,0,0,0,0,0,1,0,0,0,0,1,0,1,0,0,0,0,1,0,1,0,0
I228=0,0,0,0,0,0,0,1,0,0,0,0,1,0,0,0,1,1,0,1,0,0,0,0
I229=0,0,0,0,0,0,0,1,0,0,0,0,1,0,0,0,1,1,0,0,0,1,0,0
I231=0,0,0,0,0,0,0,1,0,0,0,0,1,0,0,0,1,0,0,1,0,1,0,0
I234=0,0,0,0,0,0,0,1,0,0,0,0,1,0,0,0,0,1,0,1,0,1,0,0
I019=1,0,0,0,0,0,0,0,0,0,0,0,1,0,1,0,1,0,0,0,0,0,0,1
I022=1,0,0,0,0,0,0,0,0,0,0,0,1,0,1,0,0,1,0,0,0,0,0,1
I024=1,0,0,0,0,0,0,0,0,0,0,0,1,0,1,0,0,0,0,1,0,0,0,1
I025=1,0,0,0,0,0,0,0,0,0,0,0,1,0,1,0,0,0,0,0,0,1,0,1
I028=1,0,0,0,0,0,0,0,0,0,0,0,1,0,0,0,1,1,0,0,0,0,0,1
I030=1,0,0,0,0,0,0,0,0,0,0,0,1,0,0,0,1,0,0,1,0,0,0,1
I031=1,0,0,0,0,0,0,0,0,0,0,0,1,0,0,0,1,0,0,0,0,1,0,1
I033=1,0,0,0,0,0,0,0,0,0,0,0,1,0,0,0,0,1,0,1,0,0,0,1
I034=1,0,0,0,0,0,0,0,0,0,0,0,1,0,0,0,0,1,0,0,0,1,0,1
I035=1,0,0,0,0,0,0,0,0,0,0,0,1,0,0,0,0,0,0,1,0,1,0,1
I039=1,0,0,0,0,0,0,0,0,0,0,0,1,0,1,0,1,0,0,0,0,0,0,1
I042=1,0,0,0,0,0,0,0,0,0,0,0,1,0,1,0,0,1,0,0,0,0,0,1
I044=1,0,0,0,0,0,0,0,0,0,0,0,1,0,1,0,0,0,0,1,0,0,0,1
I045=1,0,0,0,0,0,0,0,0,0,0,0,1,0,1,0,0,0,0,0,0,1,0,1
I048=1,0,0,0,0,0,0,0,0,0,0,0,1,0,0,0,1,1,0,0,0,0,0,1
I050=1,0,0,0,0,0,0,0,0,0,0,0,1,0,0,0,1,0,0,1,0,0,0,1
I051=1,0,0,0,0,0,0,0,0,0,0,0,1,0,0,0,1,0,0,0,0,1,0,1
I053=1,0,0,0,0,0,0,0,0,0,0,0,1,0,0,0,0,1,0,1,0,0,0,1
I054=1,0,0,0,0,0,0,0,0,0,0,0,1,0,0,0,0,1,0,0,0,1,0,1
I055=1,0,0,0,0,0,0,0,0,0,0,0,1,0,0,0,0,0,0,1,0,1,0,1
I016=1,0,0,0,0,0,0,0,0,0,0,0,1,0,1,0,1,1,0,0,0,0,0,0
I017=1,0,0,0,0,0,0,0,0,0,0,0,1,0,1,0,1,0,0,1,0,0,0,0
I018=1,0,0,0,0,0,0,0,0,0,0,0,1,0,1,0,1,0,0,0,0,1,0,0
I020=1,0,0,0,0,0,0,0,0,0,0,0,1,0,1,0,0,1,0,1,0,0,0,0
I021=1,0,0,0,0,0,0,0,0,0,0,0,1,0,1,0,0,1,0,0,0,1,0,0
I023=1,0,0,0,0,0,0,0,0,0,0,0,1,0,1,0,0,0,0,1,0,1,0,0
I026=1,0,0,0,0,0,0,0,0,0,0,0,1,0,0,0,1,1,0,1,0,0,0,0
I027=1,0,0,0,0,0,0,0,0,0,0,0,1,0,0,0,1,1,0,0,0,1,0,0
I029=1,0,0,0,0,0,0,0,0,0,0,0,1,0,0,0,1,0,0,1,0,1,0,0
I032=1,0,0,0,0,0,0,0,0,0,0,0,1,0,0,0,0,1,0,1,0,1,0,0
I036=1,0,0,0,0,0,0,0,0,0,0,0,1,0,1,0,1,1,0,0,0,0,0,0
I037=1,0,0,0,0,0,0,0,0,0,0,0,1,0,1,0,1,0,0,1,0,0,0,0
I038=1,0,0,0,0,0,0,0,0,0,0,0,1,0,1,0,1,0,0,0,0,1,0,0
I040=1,0,0,0,0,0,0,0,0,0,0,0,1,0,1,0,0,1,0,1,0,0,0,0
I041=1,0,0,0,0,0,0,0,0,0,0,0,1,0,1,0,0,1,0,0,0,1,0,0
I043=1,0,0,0,0,0,0,0,0,0,0,0,1,0,1,0,0,0,0,1,0,1,0,0
I046=1,0,0,0,0,0,0,0,0,0,0,0,1,0,0,0,1,1,0,1,0,0,0,0
I047=1,0,0,0,0,0,0,0,0,0,0,0,1,0,0,0,1,1,0,0,0,1,0,0
I049=1,0,0,0,0,0,0,0,0,0,0,0,1,0,0,0,1,0,0,1,0,1,0,0
I052=1,0,0,0,0,0,0,0,0,0,0,0,1,0,0,0,0,1,0,1,0,1,0,0
I178=0,0,0,0,1,0,0,0,0,0,0,0,0,0,1,0,1,1,0,1,0,0,0,1
I179=0,0,0,0,1,0,0,0,0,0,0,0,0,0,1,0,1,1,0,0,0,1,0,1
I180=0,0,0,0,1,0,0,0,0,0,0,0,0,0,1,0,1,0,0,1,0,1,0,1
I181=0,0,0,0,1,0,0,0,0,0,0,0,0,0,1,0,0,1,0,1,0,1,0,1
I182=0,0,0,0,1,0,0,0,0,0,0,0,0,0,0,0,1,1,0,1,0,1,0,1
I269=0,0,0,0,0,0,0,1,0,0,0,0,0,0,1,0,1,1,0,1,0,0,0,1
I270=0,0,0,0,0,0,0,1,0,0,0,0,0,0,1,0,1,1,0,0,0,1,0,1
I271=0,0,0,0,0,0,0,1,0,0,0,0,0,0,1,0,1,0,0,1,0,1,0,1
I272=0,0,0,0,0,0,0,1,0,0,0,0,0,0,1,0,0,1,0,1,0,1,0,1
I273=0,0,0,0,0,0,0,1,0,0,0,0,0,0,0,0,1,1,0,1,0,1,0,1
I177=0,0,0,0,1,0,0,0,0,0,0,0,0,0,1,0,1,1,0,1,0,1,0,0
I268=0,0,0,0,0,0,0,1,0,0,0,0,0,0,1,0,1,1,0,1,0,1,0,0
I149=0,0,0,0,1,0,0,0,0,0,0,0,1,0,1,0,1,1,0,0,0,0,0,1
I151=0,0,0,0,1,0,0,0,0,0,0,0,1,0,1,0,1,0,0,1,0,0,0,1
I152=0,0,0,0,1,0,0,0,0,0,0,0,1,0,1,0,1,0,0,0,0,1,0,1
I154=0,0,0,0,1,0,0,0,0,0,0,0,1,0,1,0,0,1,0,1,0,0,0,1
I155=0,0,0,0,1,0,0,0,0,0,0,0,1,0,1,0,0,1,0,0,0,1,0,1
I156=0,0,0,0,1,0,0,0,0,0,0,0,1,0,1,0,0,0,0,1,0,1,0,1
I158=0,0,0,0,1,0,0,0,0,0,0,0,1,0,0,0,1,1,0,1,0,0,0,1
I159=0,0,0,0,1,0,0,0,0,0,0,0,1,0,0,0,1,1,0,0,0,1,0,1
I160=0,0,0,0,1,0,0,0,0,0,0,0,1,0,0,0,1,0,0,1,0,1,0,1
I161=0,0,0,0,1,0,0,0,0,0,0,0,1,0,0,0,0,1,0,1,0,1,0,1
I164=0,0,0,0,1,0,0,0,0,0,0,0,1,0,1,0,1,1,0,0,0,0,0,1
I166=0,0,0,0,1,0,0,0,0,0,0,0,1,0,1,0,1,0,0,1,0,0,0,1
I167=0,0,0,0,1,0,0,0,0,0,0,0,1,0,1,0,1,0,0,0,0,1,0,1
I169=0,0,0,0,1,0,0,0,0,0,0,0,1,0,1,0,0,1,0,1,0,0,0,1
I170=0,0,0,0,1,0,0,0,0,0,0,0,1,0,1,0,0,1,0,0,0,1,0,1
I171=0,0,0,0,1,0,0,0,0,0,0,0,1,0,1,0,0,0,0,1,0,1,0,1
I173=0,0,0,0,1,0,0,0,0,0,0,0,1,0,0,0,1,1,0,1,0,0,0,1
I174=0,0,0,0,1,0,0,0,0,0,0,0,1,0,0,0,1,1,0,0,0,1,0,1
I175=0,0,0,0,1,0,0,0,0,0,0,0,1,0,0,0,1,0,0,1,0,1,0,1
I176=0,0,0,0,1,0,0,0,0,0,0,0,1,0,0,0,0,1,0,1,0,1,0,1
I240=0,0,0,0,0,0,0,1,0,0,0,0,1,0,1,0,1,1,0,0,0,0,0,1
I242=0,0,0,0,0,0,0,1,0,0,0,0,1,0,1,0,1,0,0,1,0,0,0,1
I243=0,0,0,0,0,0,0,1,0,0,0,0,1,0,1,0,1,0,0,0,0,1,0,1
I245=0,0,0,0,0,0,0,1,0,0,0,0,1,0,1,0,0,1,0,1,0,0,0,1
I246=0,0,0,0,0,0,0,1,0,0,0,0,1,0,1,0,0,1,0,0,0,1,0,1
I247=0,0,0,0,0,0,0,1,0,0,0,0,1,0,1,0,0,0,0,1,0,1,0,1
I249=0,0,0,0,0,0,0,1,0,0,0,0,1,0,0,0,1,1,0,1,0,0,0,1
I250=0,0,0,0,0,0,0,1,0,0,0,0,1,0,0,0,1,1,0,0,0,1,0,1
I251=0,0,0,0,0,0,0,1,0,0,0,0,1,0,0,0,1,0,0,1,0,1,0,1
I252=0,0,0,0,0,0,0,1,0,0,0,0,1,0,0,0,0,1,0,1,0,1,0,1
I255=0,0,0,0,0,0,0,1,0,0,0,0,1,0,1,0,1,1,0,0,0,0,0,1
I257=0,0,0,0,0,0,0,1,0,0,0,0,1,0,1,0,1,0,0,1,0,0,0,1
I258=0,0,0,0,0,0,0,1,0,0,0,0,1,0,1,0,1,0,0,0,0,1,0,1
I260=0,0,0,0,0,0,0,1,0,0,0,0,1,0,1,0,0,1,0,1,0,0,0,1
I261=0,0,0,0,0,0,0,1,0,0,0,0,1,0,1,0,0,1,0,0,0,1,0,1
I262=0,0,0,0,0,0,0,1,0,0,0,0,1,0,1,0,0,0,0,1,0,1,0,1
I264=0,0,0,0,0,0,0,1,0,0,0,0,1,0,0,0,1,1,0,1,0,0,0,1
I265=0,0,0,0,0,0,0,1,0,0,0,0,1,0,0,0,1,1,0,0,0,1,0,1
I266=0,0,0,0,0,0,0,1,0,0,0,0,1,0,0,0,1,0,0,1,0,1,0,1
I267=0,0,0,0,0,0,0,1,0,0,0,0,1,0,0,0,0,1,0,1,0,1,0,1
I147=0,0,0,0,1,0,0,0,0,0,0,0,1,0,1,0,1,1,0,1,0,0,0,0
I148=0,0,0,0,1,0,0,0,0,0,0,0,1,0,1,0,1,1,0,0,0,1,0,0
I150=0,0,0,0,1,0,0,0,0,0,0,0,1,0,1,0,1,0,0,1,0,1,0,0
I153=0,0,0,0,1,0,0,0,0,0,0,0,1,0,1,0,0,1,0,1,0,1,0,0
I157=0,0,0,0,1,0,0,0,0,0,0,0,1,0,0,0,1,1,0,1,0,1,0,0
I162=0,0,0,0,1,0,0,0,0,0,0,0,1,0,1,0,1,1,0,1,0,0,0,0
I163=0,0,0,0,1,0,0,0,0,0,0,0,1,0,1,0,1,1,0,0,0,1,0,0
I165=0,0,0,0,1,0,0,0,0,0,0,0,1,0,1,0,1,0,0,1,0,1,0,0
I168=0,0,0,0,1,0,0,0,0,0,0,0,1,0,1,0,0,1,0,1,0,1,0,0
I172=0,0,0,0,1,0,0,0,0,0,0,0,1,0,0,0,1,1,0,1,0,1,0,0
I238=0,0,0,0,0,0,0,1,0,0,0,0,1,0,1,0,1,1,0,1,0,0,0,0
I239=0,0,0,0,0,0,0,1,0,0,0,0,1,0,1,0,1,1,0,0,0,1,0,0
I241=0,0,0,0,0,0,0,1,0,0,0,0,1,0,1,0,1,0,0,1,0,1,0,0
I244=0,0,0,0,0,0,0,1,0,0,0,0,1,0,1,0,0,1,0,1,0,1,0,0
I248=0,0,0,0,0,0,0,1,0,0,0,0,1,0,0,0,1,1,0,1,0,1,0,0
I253=0,0,0,0,0,0,0,1,0,0,0,0,1,0,1,0,1,1,0,1,0,0,0,0
I254=0,0,0,0,0,0,0,1,0,0,0,0,1,0,1,0,1,1,0,0,0,1,0,0
I256=0,0,0,0,0,0,0,1,0,0,0,0,1,0,1,0,1,0,0,1,0,1,0,0
I259=0,0,0,0,0,0,0,1,0,0,0,0,1,0,1,0,0,1,0,1,0,1,0,0
I263=0,0,0,0,0,0,0,1,0,0,0,0,1,0,0,0,1,1,0,1,0,1,0,0
I087=1,0,0,0,0,0,0,0,0,0,0,0,0,0,1,0,1,1,0,1,0,0,0,1
I088=1,0,0,0,0,0,0,0,0,0,0,0,0,0,1,0,1,1,0,0,0,1,0,1
I089=1,0,0,0,0,0,0,0,0,0,0,0,0,0,1,0,1,0,0,1,0,1,0,1
I090=1,0,0,0,0,0,0,0,0,0,0,0,0,0,1,0,0,1,0,1,0,1,0,1
I091=1,0,0,0,0,0,0,0,0,0,0,0,0,0,0,0,1,1,0,1,0,1,0,1
I086=1,0,0,0,0,0,0,0,0,0,0,0,0,0,1,0,1,1,0,1,0,1,0,0
I058=1,0,0,0,0,0,0,0,0,0,0,0,1,0,1,0,1,1,0,0,0,0,0,1
I060=1,0,0,0,0,0,0,0,0,0,0,0,1,0,1,0,1,0,0,1,0,0,0,1
I061=1,0,0,0,0,0,0,0,0,0,0,0,1,0,1,0,1,0,0,0,0,1,0,1
I063=1,0,0,0,0,0,0,0,0,0,0,0,1,0,1,0,0,1,0,1,0,0,0,1
I064=1,0,0,0,0,0,0,0,0,0,0,0,1,0,1,0,0,1,0,0,0,1,0,1
I065=1,0,0,0,0,0,0,0,0,0,0,0,1,0,1,0,0,0,0,1,0,1,0,1
I067=1,0,0,0,0,0,0,0,0,0,0,0,1,0,0,0,1,1,0,1,0,0,0,1
I068=1,0,0,0,0,0,0,0,0,0,0,0,1,0,0,0,1,1,0,0,0,1,0,1
I069=1,0,0,0,0,0,0,0,0,0,0,0,1,0,0,0,1,0,0,1,0,1,0,1
I070=1,0,0,0,0,0,0,0,0,0,0,0,1,0,0,0,0,1,0,1,0,1,0,1
I073=1,0,0,0,0,0,0,0,0,0,0,0,1,0,1,0,1,1,0,0,0,0,0,1
I075=1,0,0,0,0,0,0,0,0,0,0,0,1,0,1,0,1,0,0,1,0,0,0,1
I076=1,0,0,0,0,0,0,0,0,0,0,0,1,0,1,0,1,0,0,0,0,1,0,1
I078=1,0,0,0,0,0,0,0,0,0,0,0,1,0,1,0,0,1,0,1,0,0,0,1
I079=1,0,0,0,0,0,0,0,0,0,0,0,1,0,1,0,0,1,0,0,0,1,0,1
I080=1,0,0,0,0,0,0,0,0,0,0,0,1,0,1,0,0,0,0,1,0,1,0,1
I082=1,0,0,0,0,0,0,0,0,0,0,0,1,0,0,0,1,1,0,1,0,0,0,1
I083=1,0,0,0,0,0,0,0,0,0,0,0,1,0,0,0,1,1,0,0,0,1,0,1
I084=1,0,0,0,0,0,0,0,0,0,0,0,1,0,0,0,1,0,0,1,0,1,0,1
I085=1,0,0,0,0,0,0,0,0,0,0,0,1,0,0,0,0,1,0,1,0,1,0,1
I056=1,0,0,0,0,0,0,0,0,0,0,0,1,0,1,0,1,1,0,1,0,0,0,0
I057=1,0,0,0,0,0,0,0,0,0,0,0,1,0,1,0,1,1,0,0,0,1,0,0
I059=1,0,0,0,0,0,0,0,0,0,0,0,1,0,1,0,1,0,0,1,0,1,0,0
I062=1,0,0,0,0,0,0,0,0,0,0,0,1,0,1,0,0,1,0,1,0,1,0,0
I066=1,0,0,0,0,0,0,0,0,0,0,0,1,0,0,0,1,1,0,1,0,1,0,0
I071=1,0,0,0,0,0,0,0,0,0,0,0,1,0,1,0,1,1,0,1,0,0,0,0
I072=1,0,0,0,0,0,0,0,0,0,0,0,1,0,1,0,1,1,0,0,0,1,0,0
I074=1,0,0,0,0,0,0,0,0,0,0,0,1,0,1,0,1,0,0,1,0,1,0,0
I077=1,0,0,0,0,0,0,0,0,0,0,0,1,0,1,0,0,1,0,1,0,1,0,0
I081=1,0,0,0,0,0,0,0,0,0,0,0,1,0,0,0,1,1,0,1,0,1,0,0